
Evaluation Part For Polyglot_Syntax---------------------------------
Average_Accr:0.24042519185566857
Average_Pre:0.1974642411893184
Average_Rec:0.9729411764705884
F1_score:0.3282983626609177
Average_Perf:0.5604691075514873
******************
Under_Seg:23
Over_Seg:3709



Evaluation Part For AutoFormat_Syntax---------------------------------
Average_Accr:0.6263345758100721
Average_Pre:0.34413252643343223
Average_Rec:1.0
F1_score:0.5120514825224346
Average_Perf:0.6484954233409613
******************
Under_Seg:0
Over_Seg:1884



Evaluation Part For Tupni_Syntax---------------------------------
Average_Accr:0.19081918614677806
Average_Pre:0.19081918614677806
Average_Rec:1.0
F1_score:0.32048389607195676
Average_Perf:0.5754691075514873
******************
Under_Seg:0
Over_Seg:3973



Polyglot_Command_pre:0.047619047619047616
Polyglot_Command_rec:0.3
Polyglot_Command_F1:0.0821917808219178


Polyglot_Tupni_Length_pre:0
Polyglot_Tupni_Length_rec:0.0
Polyglot_Tupni_Length_F1:0

\Polyglot_Delim_pre:0.8316498316498316
Polyglot_Delim_rec:0.4660377358490566
Polyglot_Delim_F1:0.5973397823458283
