


Evaluation Part For Polyglot_Syntax---------------------------------
Average_Accr:0.7616104380242309
Average_Pre:0.5656015037593987
Average_Rec:1.0
F1_score:0.7225357185736584
Average_Perf:0.8413419913419915
******************
Under_Seg:0
Over_Seg:340



Evaluation Part For AutoFormat_Syntax---------------------------------
Average_Accr:0.5396085740913327
Average_Pre:0.4025252525252524
Average_Rec:1.0
F1_score:0.5740007202016563
Average_Perf:0.43290043290043284
******************
Under_Seg:0
Over_Seg:660



Evaluation Part For Tupni_Syntax---------------------------------
Average_Accr:0.7399888164026092
Average_Pre:0.5436335403726709
Average_Rec:1.0
F1_score:0.7043556986218691
Average_Perf:0.8049783549783549
******************
Under_Seg:0
Over_Seg:380



Polyglot_Command_pre:0.0
Polyglot_Command_rec:0.0
Polyglot_Command_F1:0


Polyglot_Tupni_Length_pre:0
Polyglot_Tupni_Length_rec:0.0
Polyglot_Tupni_Length_F1:0

\Polyglot_Delim_pre:0
Polyglot_Delim_rec:0
Polyglot_Delim_F1:0
