

Evaluation Part For BinPRE---------------------------------
Average_Accr:0.9502962406015031
Average_Pre:0.8999999999999991
Average_Rec:1.0
F1_score:0.9473684210526312
Average_Perf:0.875
******************
Under_Seg:0
Over_Seg:50
handle_unused's Over_Seg:0
Error_Handled_Unused_Under_Seg:0


\Semantic-Type Evaluation Part For BinPRE(no validation)---------------------------------
no_Average_Pre:0.5466666666666672
no_Average_Rec:0.7028571428571432
no_F1_score:0.6150000000000004

no_static_Pre:0.32894736842105265
no_static_Rec:0.6666666666666666
no_static_F1:0.4405286343612335
no_static_groudtruth:{'6,7', '0,1', '4,5'}

no_integer_Pre:0.6666666666666666
no_integer_Rec:0.5
no_integer_F1:0.5714285714285715
no_integer_groudtruth:{'25,26', '22,23', '13,14', '3', '8,9', '16,17', '2'}

no_group_Pre:0.0
no_group_Rec:0
no_group_F1:0
no_group_groudtruth:set()

no_bytes_Pre:1.0
no_bytes_Rec:0.92
no_bytes_F1:0.9583333333333334
no_bytes_groudtruth:{'10,11,12,13,14,15,16,17,18,19,20,21,22,23,24', '10,11,12', '10,11,12,13,14,15', '10,11,12,13,14,15,16,17,18,19,20,21'}

no_string_Pre:0
no_string_Rec:0
no_string_F1:0
no_string_groudtruth:set()


\Semantic-Type Evaluation Part For BinPRE(Validated)---------------------------------
Average_Pre:0.7104761904761908
Average_Rec:0.7028571428571432
F1_score:0.7066461301501736

static_Pre:0.5
static_Rec:0.6666666666666666
static_F1:0.5714285714285715
static_groudtruth:{'6,7', '0,1', '4,5'}

integer_Pre:0.6666666666666666
integer_Rec:0.5
integer_F1:0.5714285714285715
integer_groudtruth:{'25,26', '22,23', '13,14', '3', '8,9', '16,17', '2'}

group_Pre:0.0
group_Rec:0
group_F1:0
group_groudtruth:set()

bytes_Pre:1.0
bytes_Rec:0.92
bytes_F1:0.9583333333333334
bytes_groudtruth:{'10,11,12,13,14,15,16,17,18,19,20,21,22,23,24', '10,11,12', '10,11,12,13,14,15', '10,11,12,13,14,15,16,17,18,19,20,21'}

string_Pre:0
string_Rec:0
string_F1:0
string_groudtruth:set()


\Semantic-Function Evaluation Part For BinPRE(no validation)---------------------------------
Average_Pre:0.4285714285714283
Average_Rec:1.0
F1_score:0.5999999999999998

no_BinPRE_Command_pre:0.0
no_BinPRE_Command_rec:0.0
no_BinPRE_Command_F1:0


no_BinPRE_Command_pre:0.0
no_BinPRE_Command_rec:0.0
no_BinPRE_Command_F1:0

no_BinPRE_Length_pre:0.5
no_BinPRE_Length_rec:1.0
no_BinPRE_Length_F1:0.6666666666666666

no_BinPRE_Delim_pre:0
no_BinPRE_Delim_rec:0
no_BinPRE_Delim_F1:0
no_delim_groudtruth:set()

no_BinPRE_aligned_pre:0.0
no_BinPRE_aligned_rec:0
no_BinPRE_aligned_F1:0
no_aligned_groudtruth:set()

no_BinPRE_filename_pre:0
no_BinPRE_filename_rec:0
no_BinPRE_filename_F1:0
no_filename_groudtruth:set()


\Semantic-Function Evaluation Part For BinPRE(Validated)---------------------------------
Average_Pre:0.77
Average_Rec:1.0
F1_score:0.8700564971751412

BinPRE_Command_pre:0
BinPRE_Command_rec:0.0
BinPRE_Command_F1:0

BinPRE_Length_pre:1.0
BinPRE_Length_rec:1.0
BinPRE_Length_F1:1.0

BinPRE_Delim_pre:0
BinPRE_Delim_rec:0
BinPRE_Delim_F1:0
delim_groudtruth:set()

BinPRE_aligned_pre:0.0
BinPRE_aligned_rec:0
BinPRE_aligned_F1:0
aligned_groudtruth:set()

BinPRE_filename_pre:0
BinPRE_filename_rec:0
BinPRE_filename_F1:0
filename_groudtruth:set()
