Evaluation Part For Polyglot_Syntax---------------------------------
Average_Accr:0.8802012946204123
Average_Pre:0.8575841296404768
Average_Rec:0.9982608695652175
F1_score:0.9225907113435035
Average_Perf:0.8923880041527096
******************
Under_Seg:2
Over_Seg:236



Evaluation Part For AutoFormat_Syntax---------------------------------
Average_Accr:0.8397097787833075
Average_Pre:0.8397546927546925
Average_Rec:0.9607304347826096
F1_score:0.8961783452046179
Average_Perf:0.8148725784019901
******************
Under_Seg:49
Over_Seg:257



Evaluation Part For Tupni_Syntax---------------------------------
Average_Accr:0.8911600050276516
Average_Pre:0.8699159915676199
Average_Rec:0.9982608695652175
F1_score:0.9296797452725034
Average_Perf:0.88946910932205
******************
Under_Seg:2
Over_Seg:217



Polyglot_Command_pre:0.0
Polyglot_Command_rec:0.0
Polyglot_Command_F1:0


Polyglot_Tupni_Length_pre:0.0
Polyglot_Tupni_Length_rec:0.0
Polyglot_Tupni_Length_F1:0

\Polyglot_Delim_pre:0
Polyglot_Delim_rec:0
Polyglot_Delim_F1:0
