
Evaluation Part For BinPRE---------------------------------
Average_Accr:0.8032748240321765
Average_Pre:0.9395925925925919
Average_Rec:0.765990865173473
F1_score:0.8439567581797004
Average_Perf:0.6226081761375885
******************
Under_Seg:284
Over_Seg:62
handle_unused's Over_Seg:178
Error_Handled_Unused_Under_Seg:235


\Semantic-Type Evaluation Part For BinPRE(no validation)---------------------------------
no_Average_Pre:0.49692950513538725
no_Average_Rec:0.5192876290376289
no_F1_score:0.5078626129062359

no_static_Pre:0.31645569620253167
no_static_Rec:0.25303643724696356
no_static_F1:0.281214848143982
no_static_groudtruth:{'19', '8', '28,29,30', '26', '34', '7', '29,30,31,32,33', '0', '25', '18', '32', '1', '6', '27', '9,10', '21,22,23,24', '19,20', '21,22', '31', '22', '5'}

no_integer_Pre:0.6645367412140575
no_integer_Rec:0.39846743295019155
no_integer_F1:0.49820359281437115
no_integer_groudtruth:{'20', '31+', '25', '18', '6', '11,12', '25,26', '15,16', '23,24', '24', '33,34', '27,28', '2,3', '13,14', '22', '4'}

no_group_Pre:0.38016528925619836
no_group_Rec:0.3087248322147651
no_group_F1:0.3407407407407407
no_group_groudtruth:{'21', '8', '29,30', '23', '17', '27,28'}

no_bytes_Pre:0
no_bytes_Rec:0.0
no_bytes_F1:0
no_bytes_groudtruth:{'35+'}

no_string_Pre:0
no_string_Rec:0
no_string_F1:0
no_string_groudtruth:set()


\Semantic-Type Evaluation Part For BinPRE(Validated)---------------------------------
Average_Pre:0.5991809491677916
Average_Rec:0.5817178654678661
F1_score:0.5903202856316476

static_Pre:0.44266666666666665
static_Rec:0.25303643724696356
static_F1:0.32200746436580047
static_groudtruth:{'19', '8', '28,29,30', '26', '34', '7', '29,30,31,32,33', '0', '25', '18', '32', '1', '6', '27', '9,10', '21,22,23,24', '19,20', '21,22', '31', '22', '5'}

integer_Pre:0.5842696629213483
integer_Rec:0.39846743295019155
integer_F1:0.47380410022779046
integer_groudtruth:{'20', '31+', '25', '18', '6', '11,12', '25,26', '15,16', '23,24', '24', '33,34', '27,28', '2,3', '13,14', '22', '4'}

group_Pre:0.33793103448275863
group_Rec:0.3288590604026846
group_F1:0.3333333333333333
group_groudtruth:{'21', '8', '29,30', '23', '17', '27,28'}

bytes_Pre:0.0
bytes_Rec:0.0
bytes_F1:0
bytes_groudtruth:{'35+'}

string_Pre:0
string_Rec:0
string_F1:0
string_groudtruth:set()


\Semantic-Function Evaluation Part For BinPRE(no validation)---------------------------------
Average_Pre:0.4348253968253969
Average_Rec:0.575619047619048
F1_score:0.49541324548293053

no_BinPRE_Command_pre:0.2631578947368421
no_BinPRE_Command_rec:0.3
no_BinPRE_Command_F1:0.2803738317757009


no_BinPRE_Command_pre:0.2631578947368421
no_BinPRE_Command_rec:0.3
no_BinPRE_Command_F1:0.2803738317757009

no_BinPRE_Length_pre:0.19455252918287938
no_BinPRE_Length_rec:1.0
no_BinPRE_Length_F1:0.32573289902280134

no_BinPRE_Delim_pre:0
no_BinPRE_Delim_rec:0
no_BinPRE_Delim_F1:0
no_delim_groudtruth:set()

no_BinPRE_aligned_pre:0.0072992700729927005
no_BinPRE_aligned_rec:0.018867924528301886
no_BinPRE_aligned_F1:0.010526315789473682
no_aligned_groudtruth:{'9,10', '18'}

no_BinPRE_filename_pre:0
no_BinPRE_filename_rec:0
no_BinPRE_filename_F1:0
no_filename_groudtruth:set()


\Semantic-Function Evaluation Part For BinPRE(Validated)---------------------------------
Average_Pre:0.995
Average_Rec:0.5866666666666671
F1_score:0.738124341412013

BinPRE_Command_pre:1.0
BinPRE_Command_rec:0.52
BinPRE_Command_F1:0.6842105263157895

BinPRE_Length_pre:0.31446540880503143
BinPRE_Length_rec:1.0
BinPRE_Length_F1:0.4784688995215311

BinPRE_Delim_pre:0
BinPRE_Delim_rec:0
BinPRE_Delim_F1:0
delim_groudtruth:set()

BinPRE_aligned_pre:0
BinPRE_aligned_rec:0.0
BinPRE_aligned_F1:0
aligned_groudtruth:{'9,10', '18'}

BinPRE_filename_pre:0
BinPRE_filename_rec:0
BinPRE_filename_F1:0
filename_groudtruth:set()
