

Evaluation Part For BinPRE---------------------------------
Average_Accr:0.8751019895137537
Average_Pre:0.7573809523809527
Average_Rec:1.0
F1_score:0.8619428261753153
Average_Perf:0.565
******************
Under_Seg:0
Over_Seg:70
handle_unused's Over_Seg:147
Error_Handled_Unused_Under_Seg:0


\Semantic-Type Evaluation Part For BinPRE(no validation)---------------------------------
no_Average_Pre:0.6266666666666666
no_Average_Rec:0.6266666666666666
no_F1_score:0.6266666666666666

no_static_Pre:0.2958579881656805
no_static_Rec:1.0
no_static_F1:0.4566210045662101
no_static_groudtruth:{'14,15', '18,19', '15,16', '6,7', '5,6', '4,5', '10,11'}

no_integer_Pre:0
no_integer_Rec:0
no_integer_F1:0
no_integer_groudtruth:set()

no_group_Pre:0.0
no_group_Rec:0.0
no_group_F1:0
no_group_groudtruth:{'3', '4'}

no_bytes_Pre:0.0
no_bytes_Rec:0
no_bytes_F1:0
no_bytes_groudtruth:set()

no_string_Pre:0
no_string_Rec:0.0
no_string_F1:0
no_string_groudtruth:{'4', '5,6,7,8,9,10,11,12,13', '5,6,7,8,9,10,11,12,13,14', '5,6,7,8,9,10,11,12,13,14,15,16,17', '4,5,6,7,8,9,10,11,12,13,14', '0,1,2', '4,5,6,7,8,9', '0,1,2,3', '5', '5,6,7,8,9'}


\Semantic-Type Evaluation Part For BinPRE(Validated)---------------------------------
Average_Pre:0.6266666666666666
Average_Rec:0.6266666666666666
F1_score:0.6266666666666666

static_Pre:0.3448275862068966
static_Rec:1.0
static_F1:0.5128205128205129
static_groudtruth:{'14,15', '18,19', '15,16', '6,7', '5,6', '4,5', '10,11'}

integer_Pre:0
integer_Rec:0
integer_F1:0
integer_groudtruth:set()

group_Pre:0.0
group_Rec:0.0
group_F1:0
group_groudtruth:{'3', '4'}

bytes_Pre:0.0
bytes_Rec:0
bytes_F1:0
bytes_groudtruth:set()

string_Pre:0
string_Rec:0.0
string_F1:0
string_groudtruth:{'4', '5,6,7,8,9,10,11,12,13', '5,6,7,8,9,10,11,12,13,14', '5,6,7,8,9,10,11,12,13,14,15,16,17', '4,5,6,7,8,9,10,11,12,13,14', '0,1,2', '4,5,6,7,8,9', '0,1,2,3', '5', '5,6,7,8,9'}


\Semantic-Function Evaluation Part For BinPRE(no validation)---------------------------------
Average_Pre:0.878
Average_Rec:1.0
F1_score:0.9350372736954206

no_BinPRE_Command_pre:0.0
no_BinPRE_Command_rec:0.0
no_BinPRE_Command_F1:0


no_BinPRE_Command_pre:0.0
no_BinPRE_Command_rec:0.0
no_BinPRE_Command_F1:0

no_BinPRE_Length_pre:0
no_BinPRE_Length_rec:0.0
no_BinPRE_Length_F1:0

no_BinPRE_Delim_pre:0.5570469798657718
no_BinPRE_Delim_rec:1.0
no_BinPRE_Delim_F1:0.7155172413793103
no_delim_groudtruth:{'4', '14,15', '3', '18,19', '15,16', '6,7', '5,6', '4,5', '10,11'}

no_BinPRE_aligned_pre:0
no_BinPRE_aligned_rec:0
no_BinPRE_aligned_F1:0
no_aligned_groudtruth:set()

no_BinPRE_filename_pre:0
no_BinPRE_filename_rec:0
no_BinPRE_filename_F1:0
no_filename_groudtruth:set()


\Semantic-Function Evaluation Part For BinPRE(Validated)---------------------------------
Average_Pre:0.913333333333333
Average_Rec:1.0
F1_score:0.954703832752613

BinPRE_Command_pre:0.0
BinPRE_Command_rec:0.0
BinPRE_Command_F1:0

BinPRE_Length_pre:0
BinPRE_Length_rec:0.0
BinPRE_Length_F1:0

BinPRE_Delim_pre:0.5971223021582733
BinPRE_Delim_rec:1.0
BinPRE_Delim_F1:0.7477477477477478
delim_groudtruth:{'4', '14,15', '3', '18,19', '15,16', '6,7', '5,6', '4,5', '10,11'}

BinPRE_aligned_pre:0
BinPRE_aligned_rec:0
BinPRE_aligned_F1:0
aligned_groudtruth:set()

BinPRE_filename_pre:0
BinPRE_filename_rec:0
BinPRE_filename_F1:0
filename_groudtruth:set()
