Evaluation Part For Polyglot_Syntax---------------------------------
Average_Accr:0.25338345864661654
Average_Pre:0.21680216802168023
Average_Rec:1.0
F1_score:0.35634743875278396
Average_Perf:0.29523809523809524
******************
Under_Seg:0
Over_Seg:890



Evaluation Part For AutoFormat_Syntax---------------------------------
Average_Accr:0.4408521303258144
Average_Pre:0.27181467181467184
Average_Rec:1.0
F1_score:0.42744383727990287
Average_Perf:0.29523809523809524
******************
Under_Seg:0
Over_Seg:690



Evaluation Part For Tupni_Syntax---------------------------------
Average_Accr:0.8253132832080208
Average_Pre:0.5925925925925931
Average_Rec:1.0
F1_score:0.7441860465116283
Average_Perf:0.29523809523809524
******************
Under_Seg:0
Over_Seg:270



Polyglot_Command_pre:0.3333333333333333
Polyglot_Command_rec:1.0
Polyglot_Command_F1:0.5


Polyglot_Tupni_Length_pre:0.0
Polyglot_Tupni_Length_rec:0.0
Polyglot_Tupni_Length_F1:0

\Polyglot_Delim_pre:0.0
Polyglot_Delim_rec:0
Polyglot_Delim_F1:0
